0.000 -0.000
109.471 101.250
109.471 11.250
109.471 123.750
109.471 146.250
109.471 168.750
109.471 191.250
109.471 213.750
109.471 236.250
109.471 258.750
109.471 281.250
109.471 303.750
109.471 326.250
109.471 33.750
109.471 348.750
109.471 56.250
109.471 78.750
120.000 0.000
120.000 112.500
120.000 135.000
120.000 157.500
120.000 180.000
120.000 202.500
120.000 225.000
120.000 22.500
120.000 247.500
120.000 270.000
120.000 292.500
120.000 315.000
120.000 337.500
120.000 45.000
120.000 67.500
120.000 90.000
131.810 101.250
131.810 11.250
131.810 123.750
131.810 146.250
131.810 168.750
131.810 191.250
131.810 213.750
131.810 236.250
131.810 258.750
131.810 281.250
131.810 303.750
131.810 326.250
131.810 33.750
131.810 348.750
131.810 56.250
131.810 78.750
144.341 105.000
144.341 135.000
144.341 15.000
144.341 165.000
144.341 195.000
144.341 225.000
144.341 255.000
144.341 285.000
144.341 315.000
144.341 345.000
144.341 45.000
144.341 75.000
156.444 112.500
156.444 157.500
156.444 202.500
156.444 22.500
156.444 247.500
156.444 292.500
156.444 337.500
156.444 67.500
16.699 270.000
16.699 90.000
168.284 135.000
168.284 225.000
168.284 315.000
168.284 45.000
180.000 0.000
21.801 -0.000
21.801 180.000
26.565 143.130
26.565 216.870
26.565 323.130
26.565 36.870
30.964 270.000
30.964 90.000
35.796 123.690
35.796 236.310
35.796 303.690
35.796 56.310
38.660 -0.000
38.660 180.000
40.511 159.444
40.511 200.556
40.511 20.556
40.511 339.444
41.987 270.000
41.987 90.000
44.564 113.962
44.564 246.038
44.564 293.962
44.564 66.038
45.000 143.130
45.000 216.870
45.000 323.130
45.000 36.870
50.194 -0.000
50.194 180.000
50.194 270.000
50.194 90.000
50.292 131.634
50.292 228.366
50.292 311.634
50.292 48.366
51.046 14.036
51.046 165.964
51.046 194.036
51.046 345.964
51.671 108.435
51.671 251.565
51.671 288.435
51.671 71.565
53.301 153.435
53.301 206.565
53.301 26.565
53.301 333.435
55.264 123.690
55.264 236.310
55.264 303.690
55.264 56.310
56.310 143.130
56.310 216.870
56.310 270.000
56.310 323.130
56.310 36.870
56.310 90.000
57.212 104.931
57.212 255.069
57.212 284.931
57.212 75.069
57.995 -0.000
57.995 180.000
58.438 10.620
58.438 169.380
58.438 190.620
58.438 349.380
59.491 135.000
59.491 225.000
59.491 315.000
59.491 45.000
59.534 118.072
59.534 241.928
59.534 298.072
59.534 61.928
59.664 159.444
59.664 200.556
59.664 20.556
59.664 339.444
60.000 0.000
60.000 112.500
60.000 135.000
60.000 157.500
60.000 180.000
60.000 202.500
60.000 225.000
60.000 22.500
60.000 247.500
60.000 270.000
60.000 292.500
60.000 315.000
60.000 337.500
60.000 45.000
60.000 67.500
60.000 90.000
61.421 150.642
61.421 209.358
61.421 29.358
61.421 330.642
62.499 128.660
62.499 231.340
62.499 308.660
62.499 51.340
63.435 143.130
63.435 216.870
63.435 323.130
63.435 36.870
65.489 136.848
65.489 223.152
65.489 316.848
65.489 43.152
70.529 101.250
70.529 11.250
70.529 123.750
70.529 146.250
70.529 168.750
70.529 191.250
70.529 213.750
70.529 236.250
70.529 258.750
70.529 281.250
70.529 303.750
70.529 326.250
70.529 33.750
70.529 348.750
70.529 56.250
70.529 78.750
80.406 0.000
80.406 112.500
80.406 135.000
80.406 157.500
80.406 180.000
80.406 202.500
80.406 225.000
80.406 22.500
80.406 247.500
80.406 270.000
80.406 292.500
80.406 315.000
80.406 337.500
80.406 45.000
80.406 67.500
80.406 90.000
90.000 101.250
90.000 11.250
90.000 123.750
90.000 146.250
90.000 168.750
90.000 191.250
90.000 213.750
90.000 236.250
90.000 258.750
90.000 281.250
90.000 303.750
90.000 326.250
90.000 33.750
90.000 348.750
90.000 56.250
90.000 78.750
99.594 0.000
99.594 112.500
99.594 135.000
99.594 157.500
99.594 180.000
99.594 202.500
99.594 225.000
99.594 22.500
99.594 247.500
99.594 270.000
99.594 292.500
99.594 315.000
99.594 337.500
99.594 45.000
99.594 67.500
99.594 90.000
